#periods (horizontal) 0.5-1, 1-2, 2-4, 4-8, 8-16, 16-32, 32-64, 64-128, 128-256, 256-500
#radius (vertical)    0.5-0.75, 0.75-1, 1-1.25, 1.25-1.5, 1.5-1.75, 1.75-2, 2-2.5, 2.5-3, 3-4, 4-6, 6-8, 8-12, 12-16
2.5e-3	2.6e-3	2.65e-2	9.2e-2	6.6e-2	0		0		0		0		0
2.7e-3	2.9e-3	1.2e-2	3.18e-2	5.2e-2	8.7e-2	4.1e-2	0		0		0
1.7e-3	1.03e-3	2.5e-3	2.4e-2	3.36e-2	3.4e-2	6.0e-2	9.8e-2	0		0
1.57e-3	2.2e-3	9.2e-3	1.91e-2	3.56e-2	2.47e-2	9.5e-3	1.8e-2	0		0
8.3e-4	9.7e-4	5.6e-3	1.4e-2	1.71e-2	2.4e-2	1.44e-2	2.8e-2	3.9e-2	1.66e-1
2.7e-4	6.4e-4	2.9e-3	6.9e-3	1.29e-2	5.5e-3	2.3e-2	2.0e-2	2.5e-2	1.59e-1
0		2.3e-4	2.46e-3	1.03e-2	3.09e-2	5.46e-2	5.0e-2	6.2e-2	6.2e-2	5.9e-2
0		2.7e-4	7.5e-4	1.1e-2	2.65e-2	3.88e-2	6.6e-2	3.9e-2	7.5e-2	10.0e-2
0		0		1.28e-3	3.2e-3	7.0e-3	2.07e-2	2.07e-2	3.6e-2	3.0e-2	3.4e-2
2.9e-4	0		6.1e-4	1.54e-3	3.5e-3	4.6e-3	4.6e-3	1.48e-2	1.05e-2	3.2e-2
0		0		0		6.1e-4	1.07e-3	2.8e-3	5.0e-3	4.8e-3	9.9e-3	0
0		2.5e-4	9.0e-4	1.17e-3	1.58e-3	2.1e-3	2.8e-3	8.6e-3	2.09e-2	2.1e-2
0		4.1e-4	1.62e-3	1.65e-3	1.02e-3	2.58e-3	5.7e-3	4.9e-3	0		0